00.01 10
00.02 44
00.03 63
00.04 132
00.05 169
00.06 267
00.07 414
00.08 476
00.09 625
00.10 828
00.11 999
00.12 1081
00.13 1270
00.14 1547
00.15 1741
00.16 1954
00.17 2262
00.18 2574
00.19 2811
00.20 3091
00.21 3322
00.22 3721
00.23 3966
00.24 4458
00.25 4822
00.26 5215
00.27 5613
00.28 5991
00.29 6429
00.30 6877
00.31 7372
00.32 7786
00.33 8344
00.34 8769
00.35 9499
00.36 9784
00.37 10372
00.38 10812
00.39 11508
00.40 12222
00.41 12823
00.42 13364
00.43 14241
00.44 14598
00.45 15403
00.46 16016
00.47 16744
00.48 17532
00.49 18170
00.50 18862
00.51 20009
00.52 20324
00.53 21004
00.54 22062
00.55 22556
00.56 23419
00.57 24479
00.58 25449
00.59 26065
00.60 26963
00.61 27859
00.62 28913
00.63 29560
00.64 31036
00.65 31937
00.66 32345
00.67 33502
00.68 34528
00.69 35264
00.70 36857
00.71 37536
00.72 38378
00.73 39628
00.74 40714
00.75 41868
00.76 42833
00.77 43687
00.78 45168
00.79 46162
00.80 47573
00.81 48376
00.82 49639
00.83 50812
00.84 52289
00.85 53382
00.86 54459
00.87 55770
00.88 57049
00.89 58028
00.90 59463
00.91 60453
00.92 61967
00.93 63139
00.94 64293
00.95 66128
00.96 67706
00.97 68817
00.98 70105
00.99 71322
01.00 72548
01.01 74374
01.02 75566
01.03 77114
01.04 77927
01.05 80135
01.06 81004
01.07 82714
01.08 84584
01.09 85927
01.10 87324
01.11 89154
01.12 91344
01.13 91936
01.14 92987
01.15 94670
01.16 96914
01.17 98935
01.18 99663
01.19 101097
01.20 103774
01.21 104337
01.22 106583
01.23 108389
01.24 109446
01.25 110944
01.26 113162
01.27 114318
01.28 117018
01.29 118956
01.30 120744
01.31 121640
01.32 124921
01.33 125025
01.34 127454
01.35 129705
01.36 131265
01.37 133025
01.38 134834
01.39 136201
01.40 138285
01.41 140721
01.42 142200
01.43 144493
01.44 146211
01.45 148241
01.46 150508
01.47 151080
01.48 152789
01.49 155035
01.50 156847
01.51 159323
01.52 161127
01.53 163609
01.54 165403
01.55 167463
01.56 168774
01.57 171936
01.58 173059
01.59 175511
01.60 178964
01.61 180689
01.62 181889
01.63 184820
01.64 186983
01.65 188297
01.66 190898
01.67 192950
01.68 194737
01.69 196752
01.70 199584
01.71 201433
01.72 204617
01.73 205841
01.74 207322
01.75 210375
01.76 212649
01.77 214841
01.78 217361
01.79 218923
01.80 220910
01.81 223833
01.82 226175
01.83 229003
01.84 230433
01.85 233365
01.86 234752
01.87 238552
01.88 240036
01.89 243242
01.90 245073
01.91 247739
01.92 249178
01.93 252628
01.94 255281
01.95 257054
01.96 260132
01.97 261538
01.98 264624
01.99 266501
02.00 269618
02.01 271691
02.02 274392
02.03 276697
02.04 279608
02.05 281412
02.06 283782
02.07 286304
02.08 289612
02.09 292660
02.10 294328
02.11 296582
02.12 300272
02.13 302180
02.14 304606
02.15 307448
02.16 309368
02.17 312890
02.18 316278
02.19 318038
02.20 320886
02.21 323150
02.22 326893
02.23 328834
02.24 330825
02.25 334123
02.26 336441
02.27 338990
02.28 342962
02.29 345561
02.30 347330
02.31 349861
02.32 353129
02.33 356335
02.34 358244
02.35 360787
02.36 364793
02.37 368508
02.38 370027
02.39 372385
02.40 375134
02.41 379658
02.42 381651
02.43 384527
02.44 386842
02.45 390456
02.46 393896
02.47 394960
02.48 399123
02.49 401947
02.50 403949
02.51 407473
02.52 409636
02.53 413485
02.54 415705
02.55 419136
02.56 422488
02.57 424113
02.58 427442
02.59 430731
02.60 432591
02.61 437323
02.62 440566
02.63 443101
02.64 445295
02.65 448132
02.66 452895
02.67 455625
02.68 457871
02.69 461106
02.70 463521
02.71 467535
02.72 470353
02.73 473353
02.74 476212
02.75 480708
02.76 482226
02.77 484378
02.78 489634
02.79 491490
02.80 494815
02.81 496156
02.82 500215
02.83 504341
02.84 507466
02.85 509934
02.86 513589
02.87 516508
02.88 519947
02.89 524164
02.90 526444
02.91 529806
02.92 533235
02.93 536323
02.94 539909
02.95 542546
02.96 546415
02.97 549903
02.98 552906
02.99 556999
03.00 558307
03.01 562406
03.02 565685
03.03 567784
03.04 572569
03.05 575382
03.06 579097
03.07 582746
03.08 585702
03.09 587756
03.10 590271
03.11 594497
03.12 596272
03.13 602417
03.14 604491
03.15 608592
03.16 613238
03.17 615857
03.18 618397
03.19 622743
03.20 623762
03.21 628714
03.22 631626
03.23 634673
03.24 638871
03.25 641667
03.26 643552
03.27 648475
03.28 653555
03.29 655681
03.30 659219
03.31 663078
03.32 665997
03.33 669253
03.34 673560
03.35 676318
03.36 680040
03.37 683272
03.38 684633
03.39 690003
03.40 694027
03.41 697297
03.42 701354
03.43 704868
03.44 707126
03.45 711296
03.46 714520
03.47 719316
03.48 723317
03.49 725083
03.50 727217
03.51 730935
03.52 734947
03.53 739286
03.54 743547
03.55 746516
03.56 750697
03.57 752976
03.58 758156
03.59 761066
03.60 765073
03.61 767886
03.62 773038
03.63 776451
03.64 777675
03.65 783115
03.66 785929
03.67 790509
03.68 793844
03.69 796976
03.70 801883
03.71 803588
03.72 808958
03.73 812077
03.74 816573
03.75 819823
03.76 821358
03.77 826774
03.78 828734
03.79 834772
03.80 837626
03.81 842288
03.82 845183
03.83 849734
03.84 852732
03.85 856210
03.86 860022
03.87 862668
03.88 866718
03.89 870721
03.90 875604
03.91 879715
03.92 882026
03.93 885182
03.94 888833
03.95 894112
03.96 895625
03.97 900257
03.98 905369
03.99 907507
04.00 911731
04.01 915749
04.02 920291
04.03 923352
04.04 927691
04.05 930430
04.06 937617
04.07 938755
04.08 941967
04.09 947114
04.10 947736
04.11 954085
04.12 959675
04.13 961690
04.14 966135
04.15 970001
04.16 973843
04.17 977133
04.18 980933
04.19 981810
04.20 987594
04.21 991709
04.22 996387
04.23 1000324
04.24 1003101
04.25 1008382
04.26 1010605
04.27 1017324
04.28 1017509
04.29 1024352
04.30 1027114
04.31 1031334
04.32 1036045
04.33 1037741
04.34 1041896
04.35 1044231
04.36 1049697
04.37 1052859
04.38 1058629
04.39 1062613
04.40 1067182
04.41 1069002
04.42 1073937
04.43 1077898
04.44 1082784
04.45 1084831
04.46 1087827
04.47 1093648
04.48 1098283
04.49 1101937
04.50 1103028
04.51 1108861
04.52 1112861
04.53 1115788
04.54 1121852
04.55 1126324
04.56 1130404
04.57 1132418
04.58 1135853
04.59 1141080
04.60 1144341
04.61 1146582
04.62 1151937
04.63 1156746
04.64 1161462
04.65 1163143
04.66 1166970
04.67 1172303
04.68 1178628
04.69 1180750
04.70 1183651
04.71 1187123
04.72 1192389
04.73 1196802
04.74 1200456
04.75 1202486
04.76 1209143
04.77 1211426
04.78 1215717
04.79 1220380
04.80 1223941
04.81 1229000
04.82 1230177
04.83 1236579
04.84 1239680
04.85 1243736
04.86 1247231
04.87 1252232
04.88 1256056
04.89 1260380
04.90 1263602
04.91 1268938
04.92 1271358
04.93 1275970
04.94 1277088
04.95 1283092
04.96 1288463
04.97 1291620
04.98 1296197
04.99 1300952
05.00 1303108
05.01 1306615
05.02 1311923
05.03 1315112
05.04 1319518
05.05 1325981
05.06 1327445
05.07 1333215
05.08 1336371
05.09 1341203
05.10 1345857
05.11 1349507
05.12 1353025
05.13 1357745
05.14 1361801
05.15 1364483
05.16 1369038
05.17 1373061
05.18 1375795
05.19 1380278
05.20 1385354
05.21 1389438
05.22 1393396
05.23 1400836
05.24 1402846
05.25 1407709
05.26 1408624
05.27 1416121
05.28 1420250
05.29 1421111
05.30 1425140
05.31 1433105
05.32 1433336
05.33 1438383
05.34 1441173
05.35 1446515
05.36 1448050
05.37 1456293
05.38 1459903
05.39 1462018
05.40 1465522
05.41 1471249
05.42 1477007
05.43 1480212
05.44 1483310
05.45 1486663
05.46 1491404
05.47 1497615
05.48 1498497
05.49 1504479
05.50 1508238
05.51 1511772
05.52 1516596
05.53 1520312
05.54 1525408
05.55 1529979
05.56 1532478
05.57 1534223
05.58 1541164
05.59 1544085
05.60 1547216
05.61 1553117
05.62 1557570
05.63 1561656
05.64 1564358
05.65 1571472
05.66 1574332
05.67 1577310
05.68 1580900
05.69 1586823
05.70 1590206
05.71 1593458
05.72 1600037
05.73 1601178
05.74 1607691
05.75 1613642
05.76 1614946
05.77 1621828
05.78 1623816
05.79 1625519
05.80 1631100
05.81 1634869
05.82 1641061
05.83 1641617
05.84 1649457
05.85 1650634
05.86 1656831
05.87 1660993
05.88 1664053
05.89 1669008
05.90 1671089
05.91 1676921
05.92 1680575
05.93 1686616
05.94 1687513
05.95 1693285
05.96 1697527
05.97 1699076
05.98 1704539
05.99 1709800
06.00 1715043
06.01 1717295
06.02 1724351
06.03 1724967
06.04 1730067
06.05 1735529
06.06 1740444
06.07 1740798
06.08 1744930
06.09 1749663
06.10 1751257
06.11 1758480
06.12 1762467
06.13 1765400
06.14 1770339
06.15 1774698
06.16 1777588
06.17 1779787
06.18 1786771
06.19 1789960
06.20 1793715
06.21 1800395
06.22 1803899
06.23 1807645
06.24 1811654
06.25 1817582
06.26 1817873
06.27 1824289
06.28 1826392
06.29 1832549
06.30 1835675
06.31 1841047
06.32 1844464
06.33 1846398
06.34 1853119
06.35 1855974
06.36 1858092
06.37 1862123
06.38 1868598
06.39 1870467
06.40 1876679
06.41 1880986
06.42 1885382
06.43 1889059
06.44 1891903
06.45 1898002
06.46 1900178
06.47 1906512
06.48 1907551
06.49 1910192
06.50 1917393
06.51 1920622
06.52 1923131
06.53 1930581
06.54 1932471
06.55 1936565
06.56 1939463
06.57 1944967
06.58 1949974
06.59 1952956
06.60 1958127
06.61 1959774
06.62 1966996
06.63 1966770
06.64 1973296
06.65 1979812
06.66 1981404
06.67 1982080
06.68 1988293
06.69 1992013
06.70 2001214
06.71 2002125
06.72 2003959
06.73 2008843
06.74 2016207
06.75 2015295
06.76 2023208
06.77 2023685
06.78 2028725
06.79 2033916
06.80 2035456
06.81 2042965
06.82 2046125
06.83 2050170
06.84 2053936
06.85 2059932
06.86 2062727
06.87 2063936
06.88 2069390
06.89 2072944
06.90 2076413
06.91 2084151
06.92 2084880
06.93 2086440
06.94 2093129
06.95 2097577
06.96 2099632
06.97 2105926
06.98 2113774
06.99 2112136
07.00 2116765
07.01 2122651
07.02 2123459
07.03 2131747
07.04 2133171
07.05 2139164
07.06 2140612
07.07 2144553
07.08 2148467
07.09 2151091
07.10 2156720
07.11 2161968
07.12 2166624
07.13 2168672
07.14 2174429
07.15 2177203
07.16 2180327
07.17 2185981
07.18 2188192
07.19 2192187
07.20 2194860
07.21 2199756
07.22 2205381
07.23 2207638
07.24 2210560
07.25 2215064
07.26 2220726
07.27 2221278
07.28 2228854
07.29 2231436
07.30 2235141
07.31 2241323
07.32 2244405
07.33 2244787
07.34 2250808
07.35 2252488
07.36 2259071
07.37 2260169
07.38 2266841
07.39 2271161
07.40 2274595
07.41 2279990
07.42 2280954
07.43 2284670
07.44 2290368
07.45 2293071
07.46 2297640
07.47 2301989
07.48 2305038
07.49 2308959
07.50 2312345
07.51 2317739
07.52 2317583
07.53 2325634
07.54 2327997
07.55 2332228
07.56 2333835
07.57 2339604
07.58 2340317
07.59 2344818
07.60 2348095
07.61 2354996
07.62 2358926
07.63 2362078
07.64 2366125
07.65 2370677
07.66 2372135
07.67 2378567
07.68 2379635
07.69 2385714
07.70 2392255
07.71 2391150
07.72 2398306
07.73 2400116
07.74 2402073
07.75 2406755
07.76 2411041
07.77 2412247
07.78 2417145
07.79 2424214
07.80 2424791
07.81 2429508
07.82 2431693
07.83 2436123
07.84 2440366
07.85 2444377
07.86 2449617
07.87 2449525
07.88 2453403
07.89 2458090
07.90 2462927
07.91 2467047
07.92 2469466
07.93 2475812
07.94 2479051
07.95 2480464
07.96 2484852
07.97 2487617
07.98 2488516
07.99 2495518
08.00 2497993
08.01 2500518
08.02 2506193
08.03 2512562
08.04 2515895
08.05 2517107
08.06 2521462
08.07 2522081
08.08 2527701
08.09 2530408
08.10 2533572
08.11 2539242
08.12 2543584
08.13 2545840
08.14 2547764
08.15 2553545
08.16 2558388
08.17 2561046
08.18 2564526
08.19 2569115
08.20 2571976
08.21 2573920
08.22 2579218
08.23 2579959
08.24 2585361
08.25 2587989
08.26 2591859
08.27 2595578
08.28 2598869
08.29 2603905
08.30 2606650
08.31 2609117
08.32 2614135
08.33 2617685
08.34 2618196
08.35 2624798
08.36 2629014
08.37 2631528
08.38 2632699
08.39 2637592
08.40 2638630
08.41 2644886
08.42 2650060
08.43 2652560
08.44 2656606
08.45 2659510
08.46 2660456
08.47 2667533
08.48 2669773
08.49 2675087
08.50 2677813
08.51 2680943
08.52 2682464
08.53 2687454
08.54 2690727
08.55 2693738
08.56 2698530
08.57 2699943
08.58 2704073
08.59 2709146
08.60 2709303
08.61 2714431
08.62 2715810
08.63 2719891
08.64 2723215
08.65 2728380
08.66 2732122
08.67 2738045
08.68 2736985
08.69 2740128
08.70 2744186
08.71 2747771
08.72 2753491
08.73 2754569
08.74 2757903
08.75 2762201
08.76 2766258
08.77 2769493
08.78 2770331
08.79 2774558
08.80 2779304
08.81 2782065
08.82 2782984
08.83 2787113
08.84 2790435
08.85 2789869
08.86 2798300
08.87 2801239
08.88 2804294
08.89 2807571
08.90 2811847
08.91 2813817
08.92 2817318
08.93 2819542
08.94 2825166
08.95 2824805
08.96 2832935
08.97 2832626
08.98 2837890
08.99 2841239
09.00 2845773
09.01 2845330
09.02 2852058
09.03 2851939
09.04 2855132
09.05 2860297
09.06 2863709
09.07 2866247
09.08 2869307
09.09 2870692
09.10 2878272
09.11 2878068
09.12 2881815
09.13 2886999
09.14 2886137
09.15 2890981
09.16 2893220
09.17 2894792
09.18 2899258
09.19 2898375
09.20 2908386
09.21 2907559
09.22 2915297
09.23 2912922
09.24 2918142
09.25 2920540
09.26 2926894
09.27 2926422
09.28 2932318
09.29 2936944
09.30 2935758
09.31 2944053
09.32 2941659
09.33 2946593
09.34 2949859
09.35 2954120
09.36 2953726
09.37 2955529
09.38 2960908
09.39 2964136
09.40 2966566
09.41 2970495
09.42 2972732
09.43 2973022
09.44 2979102
09.45 2981486
09.46 2985233
09.47 2988032
09.48 2990941
09.49 2993497
09.50 2997238
09.51 2998602
09.52 3001219
09.53 3002550
09.54 3006878
09.55 3010429
09.56 3016443
09.57 3017305
09.58 3020192
09.59 3021403
09.60 3024558
09.61 3025948
09.62 3028399
09.63 3038157
09.64 3038611
09.65 3040680
09.66 3043639
09.67 3044759
09.68 3046136
09.69 3053155
09.70 3054152
09.71 3055501
09.72 3061541
09.73 3062267
09.74 3062900
09.75 3067923
09.76 3071511
09.77 3071819
09.78 3077580
09.79 3077388
09.80 3084719
09.81 3084122
09.82 3082579
09.83 3090844
09.84 3091192
09.85 3094097
09.86 3099347
09.87 3099932
09.88 3103428
09.89 3106871
09.90 3106642
09.91 3115224
09.92 3114973
09.93 3118400
09.94 3122454
09.95 3124505
09.96 3123376
09.97 3127070
09.98 3129021
09.99 3132752
10.00 3134391
10.01 3142292
10.02 3141329
10.03 3145396
10.04 3147123
10.05 3148822
10.06 3155085
10.07 3155519
10.08 3155399
10.09 3160870
10.10 3163442
10.11 3162472
10.12 3165118
10.13 3170269
10.14 3170905
10.15 3176706
10.16 3177606
10.17 3178240
10.18 3184410
10.19 3186728
10.20 3188217
10.21 3193917
10.22 3190776
10.23 3196853
10.24 3198919
10.25 3200885
10.26 3202204
10.27 3208357
10.28 3207383
10.29 3209257
10.30 3212436
10.31 3216547
10.32 3216652
10.33 3219834
10.34 3224575
10.35 3223828
10.36 3228527
10.37 3227027
10.38 3236435
10.39 3235563
10.40 3238751
10.41 3240797
10.42 3241362
10.43 3245326
10.44 3245404
10.45 3249819
10.46 3249865
10.47 3253622
10.48 3255035
10.49 3253520
10.50 3262893
10.51 3262250
10.52 3264775
10.53 3270100
10.54 3268293
10.55 3271928
10.56 3278674
10.57 3272210
10.58 3279837
10.59 3283892
10.60 3282510
10.61 3285701
10.62 3287901
10.63 3289867
10.64 3291310
10.65 3298207
10.66 3298341
10.67 3298496
10.68 3299308
10.69 3302791
10.70 3305722
10.71 3306540
10.72 3311826
10.73 3311396
10.74 3312188
10.75 3316340
10.76 3322616
10.77 3322857
10.78 3321915
10.79 3323070
10.80 3324146
10.81 3330628
10.82 3332864
10.83 3334953
10.84 3335373
10.85 3339948
10.86 3341047
10.87 3341916
10.88 3345277
10.89 3347902
10.90 3353472
10.91 3351133
10.92 3352405
10.93 3351447
10.94 3356613
10.95 3357559
10.96 3363228
10.97 3362151
10.98 3363866
10.99 3370470
11.00 3373554
11.01 3368985
11.02 3372461
11.03 3376365
11.04 3378302
11.05 3380057
11.06 3381508
11.07 3383017
11.08 3387352
11.09 3387834
11.10 3389034
11.11 3392305
11.12 3395963
11.13 3394337
11.14 3398013
11.15 3393877
11.16 3400357
11.17 3403189
11.18 3406928
11.19 3407081
11.20 3408660
11.21 3407843
11.22 3414145
11.23 3414348
11.24 3417947
11.25 3413193
11.26 3418111
11.27 3421005
11.28 3422867
11.29 3424481
11.30 3425019
11.31 3427404
11.32 3428152
11.33 3432739
11.34 3433124
11.35 3434607
11.36 3435384
11.37 3435566
11.38 3439855
11.39 3443134
11.40 3446570
11.41 3441603
11.42 3446898
11.43 3448445
11.44 3451315
11.45 3451096
11.46 3457190
11.47 3454538
11.48 3452804
11.49 3457173
11.50 3462951
11.51 3462346
11.52 3466620
11.53 3465219
11.54 3464817
11.55 3466960
11.56 3470837
11.57 3473985
11.58 3473584
11.59 3474040
11.60 3476876
11.61 3480823
11.62 3476813
11.63 3481572
11.64 3482614
11.65 3484225
11.66 3489294
11.67 3488332
11.68 3488128
11.69 3494362
11.70 3490610
11.71 3495649
11.72 3492582
11.73 3493294
11.74 3495471
11.75 3498390
11.76 3504322
11.77 3504072
11.78 3506764
11.79 3505461
11.80 3506250
11.81 3507424
11.82 3510890
11.83 3510421
11.84 3513647
11.85 3510147
11.86 3514875
11.87 3513216
11.88 3515051
11.89 3518997
11.90 3522466
11.91 3523617
11.92 3522918
11.93 3524390
11.94 3522341
11.95 3526131
11.96 3523741
11.97 3527046
11.98 3527568
11.99 3533103
12.00 3528854
12.01 3533880
12.02 3534988
12.03 3538076
12.04 3537617
12.05 3537225
12.06 3537879
12.07 3538971
12.08 3544327
12.09 3546567
12.10 3548448
12.11 3545811
12.12 3547822
12.13 3548152
12.14 3546544
12.15 3546313
12.16 3552341
12.17 3553599
12.18 3553257
12.19 3554451
12.20 3555741
12.21 3558250
12.22 3558865
12.23 3562273
12.24 3561286
12.25 3564187
12.26 3556216
12.27 3562980
12.28 3563788
12.29 3561825
12.30 3565707
12.31 3568790
12.32 3566738
12.33 3570025
12.34 3570915
12.35 3569219
12.36 3570731
12.37 3573160
12.38 3576081
12.39 3575117
12.40 3574475
12.41 3577653
12.42 3580004
12.43 3576941
12.44 3578526
12.45 3580088
12.46 3580634
12.47 3582028
12.48 3584573
12.49 3581972
12.50 3585213
12.51 3585647
12.52 3585829
12.53 3588801
12.54 3587955
12.55 3588216
12.56 3587917
12.57 3589747
12.58 3592288
12.59 3590929
12.60 3593562
12.61 3597385
12.62 3595638
12.63 3595511
12.64 3599825
12.65 3599445
12.66 3596652
12.67 3599864
12.68 3595255
12.69 3597933
12.70 3599187
12.71 3602016
12.72 3604646
12.73 3600067
12.74 3600106
12.75 3597453
12.76 3604797
12.77 3609705
12.78 3605749
12.79 3605531
12.80 3603184
12.81 3608082
12.82 3604944
12.83 3608099
12.84 3609649
12.85 3608665
12.86 3605527
12.87 3608026
12.88 3610769
12.89 3611100
12.90 3613255
12.91 3610522
12.92 3613687
12.93 3612666
12.94 3612566
12.95 3617507
12.96 3614664
12.97 3614109
12.98 3615360
12.99 3615911
13.00 3611779
13.01 3619393
13.02 3618892
13.03 3618708
13.04 3618952
13.05 3619042
13.06 3620917
13.07 3617566
13.08 3619510
13.09 3618549
13.10 3620083
13.11 3621085
13.12 3620009
13.13 3623982
13.14 3621767
13.15 3621005
13.16 3622564
13.17 3625429
13.18 3622129
13.19 3619529
13.20 3626424
13.21 3622765
13.22 3624650
13.23 3621997
13.24 3624656
13.25 3623630
13.26 3626333
13.27 3623903
13.28 3625224
13.29 3625582
13.30 3625382
13.31 3621695
13.32 3629586
13.33 3627266
13.34 3624869
13.35 3625387
13.36 3625574
13.37 3621111
13.38 3627835
13.39 3623624
13.40 3626904
13.41 3625731
13.42 3627310
13.43 3626990
13.44 3627249
13.45 3626965
13.46 3627980
13.47 3626756
13.48 3627028
13.49 3629807
13.50 3626904
13.51 3625109
13.52 3627184
13.53 3626414
13.54 3628489
13.55 3632651
13.56 3625795
13.57 3626125
13.58 3626087
13.59 3629933
13.60 3626526
13.61 3625786
13.62 3624512
13.63 3623430
13.64 3625536
13.65 3624419
13.66 3627363
13.67 3624601
13.68 3626769
13.69 3626267
13.70 3626325
13.71 3626996
13.72 3621050
13.73 3623093
13.74 3629240
13.75 3622965
13.76 3622616
13.77 3624590
13.78 3626445
13.79 3623852
13.80 3625171
13.81 3625773
13.82 3625785
13.83 3624150
13.84 3623564
13.85 3619182
13.86 3622950
13.87 3619021
13.88 3622515
13.89 3621048
13.90 3619263
13.91 3618376
13.92 3618844
13.93 3617824
13.94 3619281
13.95 3619292
13.96 3618389
13.97 3616730
13.98 3616669
13.99 3614757
14.00 3614295
14.01 3613213
14.02 3614554
14.03 3615166
14.04 3613105
14.05 3613756
14.06 3617425
14.07 3612538
14.08 3611393
14.09 3611922
14.10 3608991
14.11 3614834
14.12 3611164
14.13 3608631
14.14 3608663
14.15 3608694
14.16 3610735
14.17 3606172
14.18 3605683
14.19 3608630
14.20 3605933
14.21 3604302
14.22 3602736
14.23 3607295
14.24 3602080
14.25 3601764
14.26 3601066
14.27 3599887
14.28 3600257
14.29 3600172
14.30 3598672
14.31 3596872
14.32 3598156
14.33 3597133
14.34 3597154
14.35 3595421
14.36 3591181
14.37 3595845
14.38 3593954
14.39 3592548
14.40 3587850
14.41 3590847
14.42 3586810
14.43 3590174
14.44 3589281
14.45 3587378
14.46 3590071
14.47 3582802
14.48 3586417
14.49 3586641
14.50 3586949
14.51 3582330
14.52 3580559
14.53 3581620
14.54 3581713
14.55 3580138
14.56 3581178
14.57 3575429
14.58 3571393
14.59 3575106
14.60 3575170
14.61 3575846
14.62 3572439
14.63 3573904
14.64 3569099
14.65 3569992
14.66 3567696
14.67 3564197
14.68 3569732
14.69 3566151
14.70 3565028
14.71 3564785
14.72 3563749
14.73 3562655
14.74 3563612
14.75 3558331
14.76 3559870
14.77 3556786
14.78 3558300
14.79 3554635
14.80 3556167
14.81 3550270
14.82 3551381
14.83 3550431
14.84 3547905
14.85 3548185
14.86 3546647
14.87 3548388
14.88 3543836
14.89 3543344
14.90 3540887
14.91 3542227
14.92 3539623
14.93 3539463
14.94 3535242
14.95 3536028
14.96 3535167
14.97 3531062
14.98 3528890
14.99 3533095
15.00 3527635
15.01 3523633
15.02 3524813
15.03 3523648
15.04 3524028
15.05 3519526
15.06 3520035
15.07 3519394
15.08 3520374
15.09 3517973
15.10 3518902
15.11 3517160
15.12 3511426
15.13 3516086
15.14 3510096
15.15 3508275
15.16 3508865
15.17 3504807
15.18 3508223
15.19 3500510
15.20 3499082
15.21 3500232
15.22 3496399
15.23 3497730
15.24 3495982
15.25 3490266
15.26 3492012
15.27 3486740
15.28 3488477
15.29 3486559
15.30 3487192
15.31 3483873
15.32 3483587
15.33 3481885
15.34 3479946
15.35 3480836
15.36 3477121
15.37 3476045
15.38 3473173
15.39 3471288
15.40 3467333
15.41 3465451
15.42 3466089
15.43 3462785
15.44 3465265
15.45 3462329
15.46 3458763
15.47 3460902
15.48 3454444
15.49 3455556
15.50 3451551
15.51 3449972
15.52 3446853
15.53 3447252
15.54 3445340
15.55 3443246
15.56 3442005
15.57 3437891
15.58 3436673
15.59 3435869
15.60 3436600
15.61 3432762
15.62 3432244
15.63 3428020
15.64 3424673
15.65 3426958
15.66 3422611
15.67 3417491
15.68 3418657
15.69 3414708
15.70 3414967
15.71 3412918
15.72 3412855
15.73 3412880
15.74 3407681
15.75 3404819
15.76 3404431
15.77 3400846
15.78 3401083
15.79 3394163
15.80 3400106
15.81 3395621
15.82 3394371
15.83 3392753
15.84 3388707
15.85 3383944
15.86 3382573
15.87 3381352
15.88 3379952
15.89 3374524
15.90 3374975
15.91 3373643
15.92 3368166
15.93 3367376
15.94 3365476
15.95 3365016
15.96 3364117
15.97 3355767
15.98 3357363
15.99 3355846
16.00 3351040
16.01 3352967
16.02 3347565
16.03 3350053
16.04 3344157
16.05 3343884
16.06 3339979
16.07 3337411
16.08 3335721
16.09 3331475
16.10 3333901
16.11 3331329
16.12 3324078
16.13 3324817
16.14 3322821
16.15 3319025
16.16 3316587
16.17 3315721
16.18 3313429
16.19 3310954
16.20 3307758
16.21 3305014
16.22 3306412
16.23 3298218
16.24 3295089
16.25 3298028
16.26 3292973
16.27 3289816
16.28 3288674
16.29 3285872
16.30 3282981
16.31 3281856
16.32 3275844
16.33 3277935
16.34 3274537
16.35 3273613
16.36 3272005
16.37 3268276
16.38 3263836
16.39 3258980
16.40 3258972
16.41 3255507
16.42 3255062
16.43 3250450
16.44 3251278
16.45 3245061
16.46 3243090
16.47 3240569
16.48 3239352
16.49 3236528
16.50 3232483
16.51 3224934
16.52 3229504
16.53 3226220
16.54 3217091
16.55 3219989
16.56 3215684
16.57 3212975
16.58 3210878
16.59 3207936
16.60 3207871
16.61 3204968
16.62 3201331
16.63 3199541
16.64 3194836
16.65 3194329
16.66 3191295
16.67 3189046
16.68 3183006
16.69 3180221
16.70 3177974
16.71 3172563
16.72 3172067
16.73 3172449
16.74 3168021
16.75 3162371
16.76 3162552
16.77 3157931
16.78 3156990
16.79 3149118
16.80 3148543
16.81 3145932
16.82 3142997
16.83 3139636
16.84 3139218
16.85 3135483
16.86 3131334
16.87 3129194
16.88 3123356
16.89 3128253
16.90 3124362
16.91 3117182
16.92 3112436
16.93 3111592
16.94 3106382
16.95 3105298
16.96 3102152
16.97 3097914
16.98 3094802
16.99 3090459
17.00 3092309
17.01 3087017
17.02 3084899
17.03 3079934
17.04 3074925
17.05 3072990
17.06 3068745
17.07 3064327
17.08 3067042
17.09 3063564
17.10 3060875
17.11 3055745
17.12 3050934
17.13 3050233
17.14 3047636
17.15 3045665
17.16 3038259
17.17 3039357
17.18 3031643
17.19 3030990
17.20 3026739
17.21 3022369
17.22 3021369
17.23 3016575
17.24 3014198
17.25 3010544
17.26 3005284
17.27 3005824
17.28 3001702
17.29 2996730
17.30 2994078
17.31 2991145
17.32 2987152
17.33 2985850
17.34 2980943
17.35 2978213
17.36 2973953
17.37 2971192
17.38 2966953
17.39 2964998
17.40 2959699
17.41 2956547
17.42 2953612
17.43 2950997
17.44 2943785
17.45 2946209
17.46 2940985
17.47 2936525
17.48 2931899
17.49 2927692
17.50 2925087
17.51 2920372
17.52 2919985
17.53 2914873
17.54 2914099
17.55 2908976
17.56 2905500
17.57 2901229
17.58 2897137
17.59 2894724
17.60 2888470
17.61 2885430
17.62 2880352
17.63 2879485
17.64 2873111
17.65 2868274
17.66 2867285
17.67 2866036
17.68 2858720
17.69 2858904
17.70 2855743
17.71 2849295
17.72 2846280
17.73 2838688
17.74 2839535
17.75 2830701
17.76 2830803
17.77 2828846
17.78 2823823
17.79 2819655
17.80 2818010
17.81 2811378
17.82 2807994
17.83 2803939
17.84 2800204
17.85 2799314
17.86 2792156
17.87 2788345
17.88 2782301
17.89 2780736
17.90 2777536
17.91 2775506
17.92 2770177
17.93 2763594
17.94 2762157
17.95 2755624
17.96 2753544
17.97 2749694
17.98 2745781
17.99 2743062
18.00 2739848
18.01 2732130
18.02 2730362
18.03 2725932
18.04 2724030
18.05 2717752
18.06 2713271
18.07 2710563
18.08 2706658
18.09 2702329
18.10 2699921
18.11 2694230
18.12 2693089
18.13 2684830
18.14 2680610
18.15 2679855
18.16 2675619
18.17 2671492
18.18 2667861
18.19 2661725
18.20 2660341
18.21 2651736
18.22 2650915
18.23 2645058
18.24 2644761
18.25 2637523
18.26 2631448
18.27 2631361
18.28 2627920
18.29 2622486
18.30 2612649
18.31 2614384
18.32 2609093
18.33 2604065
18.34 2598693
18.35 2595524
18.36 2586967
18.37 2586334
18.38 2583383
18.39 2580570
18.40 2571322
18.41 2569720
18.42 2565059
18.43 2562717
18.44 2558254
18.45 2555097
18.46 2550014
18.47 2545884
18.48 2537764
18.49 2534488
18.50 2528593
18.51 2526842
18.52 2524753
18.53 2516552
18.54 2510754
18.55 2509980
18.56 2504025
18.57 2499056
18.58 2496853
18.59 2488422
18.60 2484743
18.61 2486950
18.62 2477749
18.63 2474778
18.64 2470245
18.65 2463593
18.66 2461387
18.67 2455575
18.68 2451233
18.69 2446128
18.70 2442524
18.71 2439148
18.72 2431477
18.73 2425218
18.74 2426247
18.75 2419329
18.76 2416242
18.77 2411321
18.78 2406215
18.79 2399672
18.80 2396924
18.81 2392108
18.82 2386612
18.83 2383952
18.84 2378114
18.85 2375726
18.86 2366849
18.87 2363218
18.88 2360525
18.89 2358167
18.90 2350548
18.91 2345656
18.92 2340746
18.93 2336270
18.94 2331937
18.95 2328366
18.96 2323081
18.97 2314487
18.98 2313849
18.99 2308737
19.00 2301570
19.01 2298587
19.02 2295522
19.03 2290976
19.04 2284256
19.05 2280329
19.06 2275825
19.07 2272565
19.08 2263014
19.09 2258677
19.10 2253623
19.11 2248027
19.12 2246198
19.13 2242297
19.14 2237132
19.15 2229866
19.16 2226074
19.17 2224691
19.18 2216820
19.19 2215919
19.20 2207740
19.21 2204554
19.22 2197704
19.23 2191334
19.24 2185959
19.25 2182837
19.26 2177376
19.27 2174174
19.28 2167379
19.29 2162118
19.30 2156676
19.31 2152094
19.32 2150165
19.33 2142724
19.34 2135124
19.35 2131915
19.36 2126314
19.37 2124359
19.38 2113736
19.39 2114376
19.40 2104518
19.41 2100452
19.42 2096844
19.43 2093208
19.44 2085075
19.45 2083227
19.46 2078521
19.47 2069878
19.48 2065895
19.49 2061508
19.50 2057351
19.51 2050341
19.52 2043693
19.53 2040456
19.54 2034846
19.55 2028750
19.56 2022108
19.57 2019397
19.58 2015646
19.59 2008664
19.60 2003614
19.61 1999129
19.62 1992996
19.63 1988394
19.64 1985368
19.65 1979090
19.66 1971663
19.67 1965414
19.68 1961910
19.69 1957755
19.70 1951832
19.71 1947431
19.72 1938783
19.73 1932817
19.74 1932383
19.75 1926936
19.76 1920186
19.77 1913979
19.78 1907996
19.79 1900848
19.80 1897183
19.81 1893250
19.82 1890261
19.83 1880913
19.84 1875270
19.85 1873237
19.86 1865935
19.87 1860811
19.88 1854507
19.89 1850748
19.90 1842849
19.91 1837327
19.92 1832136
19.93 1828014
19.94 1824520
19.95 1817763
19.96 1810269
19.97 1806328
19.98 1799555
19.99 1793366
20.00 1788444
20.01 1783405
20.02 1778857
20.03 1771049
20.04 1767397
20.05 1764352
20.06 1756402
20.07 1750437
20.08 1744963
20.09 1738878
20.10 1735671
20.11 1730417
20.12 1723988
20.13 1719510
20.14 1714384
20.15 1706079
20.16 1700673
20.17 1696840
20.18 1690998
20.19 1689127
20.20 1681069
20.21 1674657
20.22 1669265
20.23 1665527
20.24 1662255
20.25 1656686
20.26 1648971
20.27 1644180
20.28 1641429
20.29 1634463
20.30 1630868
20.31 1624594
20.32 1619867
20.33 1612140
20.34 1609953
20.35 1603764
20.36 1599281
20.37 1593139
20.38 1589722
20.39 1581592
20.40 1578519
20.41 1572497
20.42 1566524
20.43 1564159
20.44 1558224
20.45 1554226
20.46 1550223
20.47 1544661
20.48 1539803
20.49 1533274
20.50 1532166
20.51 1524174
20.52 1517569
20.53 1515269
20.54 1508723
20.55 1504234
20.56 1498691
20.57 1494246
20.58 1491311
20.59 1485856
20.60 1481445
20.61 1476612
20.62 1469134
20.63 1468404
20.64 1462201
20.65 1457719
20.66 1449984
20.67 1446869
20.68 1441151
20.69 1438072
20.70 1434270
20.71 1428612
20.72 1425019
20.73 1420955
20.74 1415916
20.75 1412197
20.76 1404410
20.77 1401114
20.78 1397476
20.79 1389685
20.80 1388211
20.81 1382862
20.82 1375877
20.83 1371896
20.84 1369432
20.85 1365818
20.86 1359953
20.87 1355128
20.88 1350359
20.89 1348312
20.90 1341496
20.91 1338660
20.92 1330199
20.93 1329074
20.94 1325760
20.95 1319691
20.96 1315371
20.97 1307679
20.98 1308413
20.99 1301537
21.00 1298594
21.01 1293296
21.02 1287762
21.03 1286672
21.04 1279343
21.05 1277787
21.06 1270543
21.07 1267966
21.08 1260887
21.09 1260971
21.10 1255962
21.11 1251563
21.12 1246799
21.13 1242876
21.14 1239313
21.15 1233385
21.16 1229699
21.17 1224635
21.18 1220380
21.19 1217418
21.20 1213511
21.21 1208773
21.22 1203742
21.23 1199252
21.24 1195614
21.25 1191381
21.26 1188655
21.27 1184494
21.28 1180205
21.29 1176465
21.30 1170133
21.31 1167571
21.32 1163479
21.33 1159591
21.34 1155184
21.35 1151410
21.36 1146963
21.37 1142235
21.38 1139016
21.39 1134361
21.40 1130925
21.41 1127301
21.42 1125044
21.43 1120632
21.44 1116345
21.45 1113258
21.46 1106519
21.47 1104167
21.48 1099726
21.49 1094722
21.50 1092885
21.51 1086544
21.52 1085272
21.53 1080458
21.54 1076041
21.55 1072046
21.56 1069425
21.57 1062887
21.58 1059892
21.59 1057844
21.60 1051772
21.61 1050516
21.62 1045531
21.63 1041184
21.64 1038583
21.65 1035071
21.66 1031760
21.67 1026888
21.68 1022764
21.69 1019253
21.70 1015407
21.71 1013164
21.72 1008984
21.73 1005869
21.74 1002319
21.75 998803
21.76 994110
21.77 990972
21.78 988613
21.79 983401
21.80 981890
21.81 974826
21.82 972824
21.83 969604
21.84 966290
21.85 962242
21.86 957410
21.87 953843
21.88 950917
21.89 948288
21.90 945206
21.91 940983
21.92 936889
21.93 933888
21.94 930188
21.95 925292
21.96 923988
21.97 918383
21.98 916407
21.99 911239
22.00 908553
22.01 907433
22.02 903159
22.03 899497
22.04 897073
22.05 890820
22.06 888193
22.07 886477
22.08 882140
22.09 879419
22.10 875447
22.11 873184
22.12 868624
22.13 865064
22.14 863060
22.15 859909
22.16 856279
22.17 852220
22.18 850646
22.19 846807
22.20 840637
22.21 838713
22.22 835981
22.23 831962
22.24 830229
22.25 824857
22.26 823030
22.27 818345
22.28 817502
22.29 813853
22.30 809484
22.31 807944
22.32 805012
22.33 801215
22.34 796320
22.35 795390
22.36 789816
22.37 786984
22.38 786126
22.39 780677
22.40 777721
22.41 775579
22.42 772635
22.43 770748
22.44 766405
22.45 765206
22.46 760524
22.47 757525
22.48 754115
22.49 752252
22.50 749543
22.51 744278
22.52 741487
22.53 740938
22.54 737231
22.55 733518
22.56 731211
22.57 727917
22.58 723133
22.59 722038
22.60 718451
22.61 715986
22.62 712109
22.63 710207
22.64 706786
22.65 704542
22.66 701088
22.67 699026
22.68 695630
22.69 692830
22.70 690671
22.71 688252
22.72 685268
22.73 681506
22.74 680153
22.75 674787
22.76 672023
22.77 670359
22.78 667078
22.79 665898
22.80 662470
22.81 658903
22.82 656992
22.83 652860
22.84 651319
22.85 648454
22.86 645086
22.87 641045
22.88 641121
22.89 637342
22.90 633543
22.91 632030
22.92 627579
22.93 623889
22.94 623379
22.95 620854
22.96 618396
22.97 616502
22.98 613121
22.99 610737
23.00 608427
23.01 605841
23.02 603741
23.03 601148
23.04 596463
23.05 594968
23.06 591200
23.07 588517
23.08 585630
23.09 584083
23.10 581096
23.11 579619
23.12 577195
23.13 574401
23.14 573129
23.15 568391
23.16 567556
23.17 564736
23.18 562545
23.19 559710
23.20 555845
23.21 554842
23.22 552694
23.23 549957
23.24 546250
23.25 546186
23.26 543319
23.27 539735
23.28 537949
23.29 535584
23.30 533326
23.31 530506
23.32 527378
23.33 524526
23.34 523325
23.35 520309
23.36 519173
23.37 516125
23.38 514045
23.39 511929
23.40 509585
23.41 507186
23.42 504433
23.43 501590
23.44 499665
23.45 497661
23.46 494817
23.47 494189
23.48 492026
23.49 488044
23.50 485455
23.51 483517
23.52 481684
23.53 480339
23.54 478491
23.55 475188
23.56 473125
23.57 470014
23.58 469217
23.59 466187
23.60 464574
23.61 462535
23.62 460578
23.63 457563
23.64 456019
23.65 453322
23.66 451456
23.67 449959
23.68 447564
23.69 445002
23.70 442865
23.71 439839
23.72 437123
23.73 437271
23.74 435109
23.75 431888
23.76 430464
23.77 428596
23.78 425116
23.79 424408
23.80 421679
23.81 419661
23.82 418542
23.83 415431
23.84 414536
23.85 412096
23.86 409541
23.87 407743
23.88 405854
23.89 403894
23.90 401503
23.91 398887
23.92 397589
23.93 395973
23.94 394587
23.95 393232
23.96 391136
23.97 388421
23.98 386528
23.99 383923
24.00 383042
24.01 379962
24.02 378263
24.03 378333
24.04 375243
24.05 372868
24.06 370927
24.07 368840
24.08 367890
24.09 365209
24.10 364817
24.11 361620
24.12 359468
24.13 357845
24.14 356616
24.15 355157
24.16 353390
24.17 351404
24.18 349359
24.19 348092
24.20 345739
24.21 343550
24.22 342373
24.23 340828
24.24 338350
24.25 337190
24.26 335696
24.27 334681
24.28 330777
24.29 330462
24.30 328014
24.31 326477
24.32 325130
24.33 323462
24.34 320759
24.35 319994
24.36 318055
24.37 317074
24.38 313989
24.39 314046
24.40 310390
24.41 310882
24.42 307651
24.43 306943
24.44 304924
24.45 303102
24.46 301457
24.47 299052
24.48 298061
24.49 297388
24.50 295897
24.51 293755
24.52 293205
24.53 290711
24.54 289683
24.55 287539
24.56 286198
24.57 284154
24.58 281859
24.59 281268
24.60 279984
24.61 278401
24.62 276427
24.63 275590
24.64 273735
24.65 271511
24.66 270702
24.67 269640
24.68 267539
24.69 266003
24.70 264921
24.71 263125
24.72 262535
24.73 259693
24.74 259368
24.75 257281
24.76 255812
24.77 254395
24.78 253356
24.79 251548
24.80 250032
24.81 248644
24.82 247547
24.83 246144
24.84 244751
24.85 243817
24.86 241693
24.87 240410
24.88 239623
24.89 237597
24.90 235734
24.91 235676
24.92 233416
24.93 232025
24.94 231200
24.95 230277
24.96 228225
24.97 227936
24.98 225958
24.99 223810
25.00 223135
25.01 221796
25.02 220577
25.03 219446
25.04 217725
25.05 216560
25.06 215022
25.07 213923
25.08 211709
25.09 211839
25.10 210501
25.11 209415
25.12 207777
25.13 206440
25.14 205873
25.15 204778
25.16 202662
25.17 201870
25.18 200275
25.19 199450
25.20 198314
25.21 196455
25.22 195852
25.23 195575
25.24 193333
25.25 192528
25.26 191139
25.27 191094
25.28 188902
25.29 188138
25.30 185479
25.31 185280
25.32 184259
25.33 183165
25.34 181225
25.35 180602
25.36 179326
25.37 178528
25.38 177014
25.39 176464
25.40 175473
25.41 174294
25.42 172622
25.43 171076
25.44 170861
25.45 170018
25.46 169179
25.47 168243
25.48 167075
25.49 166282
25.50 164924
25.51 163506
25.52 162480
25.53 162025
25.54 160874
25.55 159538
25.56 158580
25.57 157863
25.58 156144
25.59 155654
25.60 154693
25.61 153834
25.62 152541
25.63 151188
25.64 151427
25.65 149175
25.66 148662
25.67 147681
25.68 147063
25.69 145487
25.70 144909
25.71 143966
25.72 142922
25.73 142257
25.74 141263
25.75 140119
25.76 139551
25.77 138254
25.78 137125
25.79 136831
25.80 135345
25.81 134429
25.82 133985
25.83 132848
25.84 131648
25.85 130823
25.86 129671
25.87 129164
25.88 129107
25.89 127979
25.90 126819
25.91 126169
25.92 124672
25.93 124301
25.94 123568
25.95 122625
25.96 121703
25.97 120950
25.98 121243
25.99 119956
26.00 118131
26.01 118288
26.02 117285
26.03 115245
26.04 114876
26.05 114277
26.06 114019
26.07 112524
26.08 111848
26.09 111091
26.10 110455
26.11 110217
26.12 109347
26.13 108491
26.14 107422
26.15 106522
26.16 105752
26.17 104691
26.18 104378
26.19 103838
26.20 103172
26.21 102429
26.22 101429
26.23 101539
26.24 100101
26.25 99453
26.26 98194
26.27 98104
26.28 97430
26.29 96181
26.30 95822
26.31 95196
26.32 94348
26.33 93834
26.34 92735
26.35 92477
26.36 91963
26.37 91051
26.38 90556
26.39 90471
26.40 89723
26.41 88229
26.42 87958
26.43 87224
26.44 86605
26.45 86238
26.46 85197
26.47 84400
26.48 84577
26.49 83506
26.50 82854
26.51 82208
26.52 81397
26.53 80814
26.54 80198
26.55 79931
26.56 79646
26.57 78669
26.58 77919
26.59 77458
26.60 76513
26.61 76267
26.62 75693
26.63 75404
26.64 74369
26.65 73689
26.66 73531
26.67 72625
26.68 72702
26.69 72218
26.70 71009
26.71 70420
26.72 70221
26.73 69701
26.74 69026
26.75 68444
26.76 67703
26.77 67304
26.78 66964
26.79 65790
26.80 65923
26.81 65253
26.82 64930
26.83 64272
26.84 63846
26.85 63106
26.86 62912
26.87 62505
26.88 61813
26.89 61695
26.90 61525
26.91 60014
26.92 60269
26.93 59582
26.94 58959
26.95 58390
26.96 58097
26.97 57728
26.98 56750
26.99 56700
27.00 56164
27.01 55739
27.02 55269
27.03 55385
27.04 54350
27.05 54172
27.06 53297
27.07 53195
27.08 52592
27.09 52317
27.10 51864
27.11 51887
27.12 51325
27.13 50779
27.14 50397
27.15 50132
27.16 49508
27.17 49203
27.18 48599
27.19 48425
27.20 48108
27.21 47452
27.22 47452
27.23 46849
27.24 46308
27.25 46283
27.26 45821
27.27 45473
27.28 45189
27.29 45011
27.30 44163
27.31 43710
27.32 42858
27.33 43162
27.34 42270
27.35 42534
27.36 41910
27.37 41603
27.38 41511
27.39 41345
27.40 40808
27.41 39944
27.42 40412
27.43 39768
27.44 39347
27.45 39006
27.46 38456
27.47 38426
27.48 38277
27.49 37641
27.50 37552
27.51 37059
27.52 36728
27.53 36637
27.54 36282
27.55 35860
27.56 35374
27.57 35281
27.58 34685
27.59 34785
27.60 34245
27.61 33933
27.62 33761
27.63 33373
27.64 33057
27.65 32807
27.66 32891
27.67 32368
27.68 32323
27.69 31319
27.70 31710
27.71 31379
27.72 31208
27.73 30715
27.74 30371
27.75 30493
27.76 30017
27.77 29515
27.78 29663
27.79 29067
27.80 28822
27.81 28769
27.82 28184
27.83 28421
27.84 27750
27.85 27650
27.86 27141
27.87 27607
27.88 27413
27.89 27178
27.90 26439
27.91 26240
27.92 26017
27.93 25573
27.94 25504
27.95 25497
27.96 25184
27.97 24710
27.98 24900
27.99 24267
28.00 24496
28.01 23669
28.02 24143
28.03 23726
28.04 23655
28.05 23428
28.06 23288
28.07 23017
28.08 22663
28.09 22538
28.10 22314
28.11 22298
28.12 22003
28.13 21764
28.14 21343
28.15 21110
28.16 21251
28.17 20872
28.18 20652
28.19 20699
28.20 20344
28.21 20186
28.22 19876
28.23 19771
28.24 19588
28.25 19535
28.26 19394
28.27 19295
28.28 19029
28.29 19002
28.30 18681
28.31 18393
28.32 18332
28.33 17984
28.34 17962
28.35 17752
28.36 17439
28.37 17592
28.38 17442
28.39 17195
28.40 17187
28.41 16945
28.42 16799
28.43 16819
28.44 16440
28.45 16268
28.46 16261
28.47 16405
28.48 16005
28.49 15712
28.50 15631
28.51 15632
28.52 14919
28.53 15448
28.54 15145
28.55 15103
28.56 14741
28.57 14721
28.58 14391
28.59 14374
28.60 14419
28.61 14065
28.62 14020
28.63 13844
28.64 13425
28.65 13538
28.66 13317
28.67 13213
28.68 13067
28.69 13099
28.70 12840
28.71 12900
28.72 12687
28.73 12608
28.74 12439
28.75 12374
28.76 12156
28.77 12116
28.78 12038
28.79 11764
28.80 11994
28.81 11756
28.82 11570
28.83 11505
28.84 11363
28.85 11217
28.86 11151
28.87 10890
28.88 11107
28.89 10880
28.90 10805
28.91 10553
28.92 10546
28.93 10486
28.94 10178
28.95 10253
28.96 10096
28.97 10102
28.98 9903
28.99 9875
29.00 9675
29.01 9569
29.02 9455
29.03 9334
29.04 9369
29.05 9303
29.06 9075
29.07 9191
29.08 9106
29.09 8878
29.10 8841
29.11 8796
29.12 8714
29.13 8445
29.14 8411
29.15 8367
29.16 8437
29.17 8288
29.18 8127
29.19 8070
29.20 7944
29.21 7933
29.22 7637
29.23 7696
29.24 7606
29.25 7637
29.26 7431
29.27 7485
29.28 7607
29.29 7166
29.30 7233
29.31 7013
29.32 7181
29.33 7002
29.34 6985
29.35 6853
29.36 6764
29.37 6686
29.38 6717
29.39 6768
29.40 6463
29.41 6301
29.42 6542
29.43 6409
29.44 6259
29.45 6126
29.46 6146
29.47 5962
29.48 6100
29.49 5804
29.50 5933
29.51 5737
29.52 5662
29.53 5752
29.54 5546
29.55 5545
29.56 5574
29.57 5447
29.58 5278
29.59 5285
29.60 5323
29.61 5270
29.62 5315
29.63 5066
29.64 5025
29.65 4929
29.66 4827
29.67 4894
29.68 4844
29.69 4829
29.70 4587
29.71 4579
29.72 4488
29.73 4460
29.74 4513
29.75 4476
29.76 4475
29.77 4395
29.78 4281
29.79 4293
29.80 4351
29.81 4127
29.82 4144
29.83 4057
29.84 4015
29.85 4006
29.86 3894
29.87 3987
29.88 3861
29.89 3741
29.90 3872
29.91 3802
29.92 3729
29.93 3651
29.94 3658
29.95 3636
29.96 3571
29.97 3506
29.98 3399
29.99 3417
30.00 3334
30.01 3405
30.02 3216
30.03 3271
30.04 3211
30.05 3134
30.06 3052
30.07 3038
30.08 3029
30.09 3054
30.10 2930
30.11 2918
30.12 2861
30.13 2898
30.14 2811
30.15 2756
30.16 2779
30.17 2713
30.18 2733
30.19 2712
30.20 2772
30.21 2684
30.22 2584
30.23 2550
30.24 2471
30.25 2595
30.26 2450
30.27 2487
30.28 2427
30.29 2362
30.30 2259
30.31 2287
30.32 2274
30.33 2278
30.34 2218
30.35 2233
30.36 2098
30.37 2257
30.38 2060
30.39 2140
30.40 2045
30.41 2080
30.42 2013
30.43 2032
30.44 1976
30.45 1927
30.46 1923
30.47 1826
30.48 1827
30.49 1808
30.50 1823
30.51 1815
30.52 1779
30.53 1729
30.54 1768
30.55 1638
30.56 1629
30.57 1634
30.58 1521
30.59 1601
30.60 1552
30.61 1559
30.62 1514
30.63 1513
30.64 1481
30.65 1553
30.66 1479
30.67 1467
30.68 1450
30.69 1347
30.70 1395
30.71 1414
30.72 1392
30.73 1295
30.74 1312
30.75 1268
30.76 1309
30.77 1210
30.78 1195
30.79 1276
30.80 1211
30.81 1175
30.82 1182
30.83 1167
30.84 1139
30.85 1116
30.86 1103
30.87 1105
30.88 1060
30.89 986
30.90 1001
30.91 1029
30.92 1050
30.93 976
30.94 1000
30.95 920
30.96 976
30.97 947
30.98 951
30.99 875
31.00 892
31.01 854
31.02 891
31.03 873
31.04 851
31.05 827
31.06 806
31.07 766
31.08 815
31.09 830
31.10 806
31.11 819
31.12 720
31.13 738
31.14 758
31.15 728
31.16 702
31.17 759
31.18 685
31.19 686
31.20 658
31.21 676
31.22 691
31.23 654
31.24 630
31.25 627
31.26 603
31.27 600
31.28 602
31.29 565
31.30 545
31.31 512
31.32 533
31.33 537
31.34 562
31.35 540
31.36 568
31.37 511
31.38 516
31.39 469
31.40 475
31.41 430
31.42 456
31.43 481
31.44 440
31.45 458
31.46 428
31.47 402
31.48 430
31.49 432
31.50 426
31.51 437
31.52 404
31.53 401
31.54 408
31.55 374
31.56 349
31.57 344
31.58 396
31.59 367
31.60 346
31.61 326
31.62 355
31.63 296
31.64 312
31.65 280
31.66 298
31.67 315
31.68 299
31.69 301
31.70 299
31.71 273
31.72 269
31.73 265
31.74 262
31.75 251
31.76 238
31.77 230
31.78 230
31.79 219
31.80 242
31.81 218
31.82 227
31.83 231
31.84 229
31.85 190
31.86 220
31.87 216
31.88 188
31.89 207
31.90 210
31.91 208
31.92 190
31.93 168
31.94 176
31.95 195
31.96 193
31.97 183
31.98 169
31.99 135
32.00 159
32.01 160
32.02 163
32.03 161
32.04 156
32.05 150
32.06 127
32.07 157
32.08 110
32.09 119
32.10 111
32.11 124
32.12 123
32.13 123
32.14 107
32.15 104
32.16 113
32.17 83
32.18 107
32.19 99
32.20 84
32.21 88
32.22 98
32.23 77
32.24 77
32.25 86
32.26 89
32.27 90
32.28 89
32.29 75
32.30 68
32.31 78
32.32 85
32.33 62
32.34 63
32.35 80
32.36 65
32.37 64
32.38 64
32.39 69
32.40 70
32.41 69
32.42 55
32.43 54
32.44 68
32.45 66
32.46 58
32.47 59
32.48 49
32.49 56
32.50 58
32.51 53
32.52 39
32.53 51
32.54 38
32.55 52
32.56 51
32.57 42
32.58 48
32.59 47
32.60 53
32.61 34
32.62 31
32.63 42
32.64 39
32.65 25
32.66 26
32.67 29
32.68 41
32.69 31
32.70 42
32.71 28
32.72 31
32.73 28
32.74 28
32.75 34
32.76 27
32.77 29
32.78 27
32.79 22
32.80 22
32.81 21
32.82 21
32.83 16
32.84 17
32.85 15
32.86 23
32.87 22
32.88 18
32.89 17
32.90 16
32.91 9
32.92 22
32.93 20
32.94 11
32.95 13
32.96 7
32.97 22
32.98 12
32.99 14
33.00 7
33.01 13
33.02 12
33.03 7
33.04 11
33.05 4
33.06 14
33.07 12
33.08 7
33.09 7
33.10 4
33.11 8
33.12 9
33.13 4
33.14 3
33.15 14
33.16 8
33.17 9
33.18 8
33.19 9
33.20 5
33.21 5
33.22 9
33.23 8
33.24 3
33.25 8
33.26 3
33.27 2
33.28 5
33.29 3
33.30 5
33.31 1
33.32 5
33.33 7
33.34 7
33.35 8
33.36 3
33.37 2
33.38 1
33.39 3
33.40 4
33.41 2
33.42 2
33.43 2
33.45 5
33.46 1
33.48 3
33.49 2
33.50 1
33.51 1
33.52 3
33.53 1
33.54 1
33.55 1
33.58 1
33.59 1
33.62 3
33.63 1
33.64 2
33.65 4
33.67 1
33.68 3
33.69 3
33.78 1
33.82 1
33.84 1
33.87 1
33.93 1
34.15 1
